1	-0.3
2	-0.3
3	-0.3
4	-0.3
5	-1.1
6	-0.3
7	-0.1
8	-0.7
9	-0.5
10	-0.3
11	-0.3
12	0.3
13	-0.3
14	-0.2
15	-0.3
16	0
17	-0.2
18	-0.1
19	-0.1
20	0.3
21	-0.1
22	-0.1
23	-0.2
24	-0.4
25	-0.1
26	-0.2
27	-0.5
28	-0.2
29	-0.7
30	-0.9
31	-0.1
32	-0.5
33	0.2
34	-1.8
35	-3.6
36	-2.7
37	-3.3
38	-3
39	-4.5
40	-20.7
41	-3.3
42	0.6
43	-2.8
44	0.1
45	0.3
46	-15.4
47	-10.2
48	-9
49	-3.6
50	1.7
51	-4.6
52	-1
53	-3.4
54	-3.1
55	-5.9
56	-3.6
57	0.5
58	0.3
59	1.7
60	-1.1
61	-4.9
62	-0.8
63	-0.4
64	-0.6
65	-2.1
66	-2
67	-0.3
68	0.2
69	-3
70	-0.9
71	-0.3
72	-3.6
73	-5.2
74	-2.9
75	0
76	-6.6
77	-1.1
78	-1.4
79	-1.4
80	-0.5
81	-1.8
82	-0.9
83	-1.9
84	-4.1
85	-1.5
86	-0.5
87	-1.7
88	-2.6
89	-0.1
90	-1.3
91	-3.3
92	-0.8
93	-2.9
94	-0.4
95	-4.8
96	-1
97	-0.2
98	0.6
99	0.1
100	-0.4
101	0.2
102	0.4
103	-2.6
104	-0.4
105	0.2
106	0.3
107	-1.5
108	-0.9
109	0.5
110	-0.6
111	-0.3
112	0.3
113	0.4
114	0.5
115	0.2
116	0.9
117	0.3
118	0.4
119	-2.2
120	-0.5
121	-0.3
122	-0.4
123	-1.5
124	-1
125	0.7
126	-0.2
127	-1.6
128	-0.2
129	-0.8
130	-4.4
131	-6
132	0.4
133	-4.3
134	0.3
135	-1.9
136	-1.5
137	-1.1
138	-1.1
139	-0.3
140	-1.8
141	0.3
142	-50
143	-0.4
144	-1.5
145	-0.2
146	0.6
147	0.1
148	-0.4
149	0.2
150	0.4
151	-2.6
152	-0.4
153	0.2
154	0.3
155	-1.5
156	-0.9
157	0.5
158	-0.6
159	-0.3
160	0.3
161	0.4
162	0.5
163	0.2
164	0.9
165	0.3
166	0.4
167	-2.2
168	-0.5
169	-4
170	-3.3
171	-1
172	-1
173	-9.4
174	-4.4
175	-9
176	-1.6
177	0.1
178	4.5
179	-2.8
180	1.1
181	-11.4
182	-3
183	-1
184	-5.2
185	-2.2
186	-1.8
187	-1.7
188	-1
189	-5.3
190	-0.9
191	-0.3
192	-1.7
193	-0.5
194	-2.2
195	-1
196	-3.7
197	-1
198	-0.5
199	-4.2
200	-1.7
201	-4.7
202	-6.7
203	-9.7
204	-1.4
205	-5.3
206	-1.3
207	-5.2
208	-9.4
209	-1
210	-1.7
211	-7.8
212	-0.8
213	0
214	-1.5
215	-3.7
216	-1.4
217	-0.3
218	-0.2
219	-2.1
220	-0.7
221	-1.7
222	-1.8
223	-5.6
224	-1.4
225	0.8
226	0.4
227	-4
228	-0.6
229	-1.6
230	-50
231	-6
232	-3.7
233	-0.8
234	-2.8
235	-2.7
236	-5.3
237	-3.1
238	-1.5
239	-0.4
240	-2.1
241	-4.6
242	-3.7
243	-4.1
244	-2.3
245	-7.3
246	-1.1
247	-0.7
248	0.9
249	-7.1
250	-4.9
251	-1.3
252	-0.5
253	-3.6
254	-0.3
255	-1.4
256	0.2
257	-0.3
258	-0.8
259	-3.6
260	-1
261	-0.8
262	-0.9
263	-0.9
264	-3.3
265	0.6
266	-2.1
267	-0.7
268	-2.9
269	-30
270	-50
271	-1.9
272	-50
273	-1.3
274	-1.1
275	-0.1
276	-0.4
277	-4.1
278	-2.2
279	0.1
280	-1.2
281	-1.8
282	-0.9
283	-3.3
284	-0.7
285	-1.6
286	-0.7
287	-3.4
288	-0.6
289	-0.2
290	-2.4
291	0.2
292	-0.8
293	0
294	-0.3
295	-0.3
296	-1.4
297	-2.8
298	-0.3
299	0
300	0.7
301	0.1
302	-1.7
303	-2.9
304	-0.3
305	0.1
306	-0.2
307	-2.9
308	-0.5
309	0.1
310	-1.5
311	-2.6
312	-0.1
313	-0.2
314	-0.8
315	0
316	-0.2
317	-1.8
318	-0.5
319	-1.7
320	-0.6
321	-0.6
322	-0.7
323	-1.5
324	-1.4
325	-0.8
326	-2.3
327	-4.8
328	-2.2
329	-5.1
330	0.1
331	-2.4
332	-1.6
333	-0.5
334	0.4
335	0
336	0
337	-0.5
338	-0.9
339	-0.5
340	-0.7
341	-0.7
342	-1.4
343	-2
344	0.2
345	0.1
346	-0.6
347	-0.3
348	-0.5
349	-0.6
350	0
351	-0.2
352	0
353	0.4
354	0
